AAPL,MSFT,GOOGL,AMZN,NVDA,META,TSLA,INTC
0.0,0.08495201050528448,0.337382307210887,0.0,0.0,0.1402400437797723,0.09935570660650571,0.3380699318975505
0.0,0.2364439703430427,0.3505781983657004,0.0,0.0,0.0770141709359808,0.006649635283025555,0.3293140250722505
0.0,0.16646188561742753,0.322787147616893,0.0,0.03768964180638748,0.022986487321039858,0.12728769002135912,0.322787147616893
0.0,0.15355144600215914,0.3083822456272186,0.0005597814381730571,0.08748951284254246,0.08214254876134025,0.04410468884846457,0.32376977648010186
0.0017563014953326651,0.17560823812701137,0.28129071618178625,0.001864403658988135,0.07711619611735737,0.12480886815563594,0.06343118126484631,0.27412409499904195
0.023057730398229663,0.224332969151956,0.3238539282791498,0.0085770881903318,0.07499068067554883,0.09330870400626495,0.027217941984709535,0.2246609573138094
0.0,0.14111380671977147,0.29830384663843423,0.0,0.11248206086079539,0.09529095672709925,0.07828440486636759,0.27452492418753205
0.009236935578548752,0.13532086845671704,0.2775315411386542,0.008457156940992864,0.08105054760715583,0.14673292551022468,0.10340322581087918,0.2382667989568274
0.05055145067989963,0.07031357244747799,0.22441087911625768,0.0002702364232781302,0.058349115854686814,0.14992086353124146,0.1461838818076059,0.30000000013955236
0.07216338300312872,0.05563054479125433,0.23749450142072281,0.05852168222542163,0.06846344348270393,0.12632214974190503,0.12212348656166311,0.2592808087732005
0.07628139967719863,0.013170287613092475,0.267986560157492,0.11130156132823368,0.09229647838914379,0.1372625999444669,0.05955704696941188,0.24214406592096072
0.0896570961556705,0.01615030287886929,0.22810535538691762,0.10551607410301472,0.07468628455219176,0.1489763459442603,0.09395645377834264,0.2429520872007332
0.1327791797708322,0.003377322939227099,0.19811426125752735,0.08590878506127148,0.09695833727262335,0.16165690610853745,0.07959075366318424,0.24161445392679692
0.14016476710020806,0.008144776910050451,0.12619808283974615,0.13774263420266913,0.08352478992879164,0.1622076766030043,0.11043500816699552,0.23158226424853467
0.1186612992683759,0.007180745911983704,0.17234538166550012,0.10332992643857059,0.10356018320940266,0.1475688877508716,0.11423533550955761,0.23311824024573782
0.14425025391494795,0.09046892700184893,0.1461944498948769,0.0792026922565574,0.09068734178318852,0.08023157759549152,0.1463997402278721,0.22256501732521666
0.17360927079026872,0.06608003848963886,0.1462746061614587,0.042034964848703976,0.09606892870420863,0.09750272587665348,0.13710232542239137,0.2413271397066763
0.14244346716362472,0.11089391892534109,0.11135873824705834,0.06283383968151303,0.07048829507965763,0.13147764662469388,0.12002245781452099,0.25048163646359034
0.14403254039011126,0.12107459548706984,0.14923534734281302,0.03613920449420979,0.10180505925548802,0.11153848695369972,0.07672374141044888,0.2594510246661595
0.08912820347153191,0.15027629992666314,0.16540465784261071,0.020647165219825056,0.09112075035839359,0.08541497936202777,0.13756514192369326,0.2604428018952546
0.08489821266928593,0.12907386855737024,0.1330055231349487,0.03230626920949254,0.10297296839162395,0.11788630063541114,0.16505994197000656,0.234796915431861
0.062107253781360325,0.14511150698565328,0.19405920838799326,0.04064543711821512,0.09633767610756189,0.08835795943358808,0.17295332725183865,0.20042763093378943
0.03556201026370321,0.14883497595714068,0.1730512446037159,0.004689459969014798,0.09653764366077519,0.12025353633799264,0.21569390911718697,0.20537722009047066
0.014768242705692984,0.12549664098554836,0.2057587585074564,0.0140348596486775,0.12194128198132478,0.1240174464735227,0.19793809094204204,0.19604467875573522
0.05250809655454171,0.10356142438543023,0.1618505081546249,0.04041771720318882,0.0920543908168171,0.12670488860426576,0.21991105620823234,0.20299191807289924
0.00988482878299273,0.19713553292661315,0.15290087280837228,0.008271041790193431,0.12688579567256125,0.0851840839874942,0.21818741656805135,0.20155042746372165
0.02833233121556902,0.18141010837091873,0.13430139207320213,0.03487622004631738,0.10713156529929559,0.06511985887639885,0.2662265395853607,0.18260198453293774
0.015448525143845057,0.15769903671584817,0.1335975294338191,0.031135591822023016,0.10639936660875823,0.10728188070360925,0.28373688089741356,0.16470118867468353
0.06431702676783688,0.15575462783197486,0.11805285656638681,0.027587873332944997,0.1067222435539335,0.10378289780974545,0.26237833703306246,0.161404137104115
0.03936015455685372,0.15887793518998783,0.14736433634117793,0.010010807770256846,0.11079139519715372,0.09128995129976765,0.3000127830117428,0.14229263663305963
0.04183049084371341,0.13981353155524376,0.1072167710844337,0.03537415803521635,0.11181816789501524,0.10626236297728031,0.30000353227121984,0.1576809853378775
0.04592096463005083,0.1519678237595448,0.10550838601232805,0.035327115609019875,0.1131490111885903,0.08623512678969304,0.3021565486402079,0.15973502337056522
0.057074564365873014,0.14025601511072472,0.12223895469798753,0.00015766799444581094,0.10746505538548118,0.10472654520325698,0.30487666409089154,0.1632045331513393
0.07535539997923901,0.11522452192175875,0.11814328011878913,0.007041397611434571,0.09870303876526987,0.1099740089051693,0.2931976489824333,0.18236070371590607
0.07742815100222838,0.1330799864997479,0.10937964436460043,0.0015487156067645154,0.09005739970233134,0.12271302119087679,0.29297782840827225,0.1728152532251784
0.06207745123372013,0.15213138586825564,0.12958391687920282,0.00827247977129794,0.10984774907101418,0.09690197655355116,0.29309928291753296,0.1480857577054252
0.09312724805606548,0.15544764944310227,0.08834512721260544,0.007854776683263155,0.10183484448949652,0.12203883340624302,0.27384438557609625,0.15750713513312783
0.10114242315406127,0.13484662622778196,0.11175600798338495,0.005536486418501601,0.10070128166394449,0.10319368880185736,0.29424051626257486,0.14858296948789357
0.09139372352395378,0.1435299727504568,0.10526103578768828,0.012599440528862794,0.09360046127755023,0.10766331750884339,0.2994748126415795,0.14647723598106516
0.05605811681463357,0.1338081425280908,0.18094081030060447,0.005281154349974723,0.09479786394068865,0.09771912477792885,0.30038537563670425,0.13100941165137475
0.08148112579925976,0.195395305651678,0.10473871457029924,0.017650180367201916,0.07138542673711962,0.11938275201758136,0.2705478485261599,0.13941864633070017
0.06627047379109643,0.20369948152888362,0.07516460945864181,0.03531461226765197,0.07446044142084746,0.10458464478878829,0.2975552939710483,0.14295044277304217
0.09463268975530084,0.16887609653974492,0.04816844855136601,0.04447162709371948,0.11164271611842239,0.11852491148954328,0.30000000000000054,0.11368351045190253
0.07015342258844551,0.18820414521025253,0.10417372260537494,0.02281708741727744,0.08205996454447742,0.11233422475153867,0.28936749500674763,0.13088993787588582
0.10144223301418333,0.19563412015597761,0.07866469915812657,0.01911965394957266,0.08907586372066158,0.13046289627934604,0.26714322278781555,0.11845731093431675
0.10593042696346908,0.23049102956866546,0.09686052150209154,0.004424493531947826,0.036401005406736034,0.1348576396205235,0.2974338121502723,0.09360107125629435
0.1127520149448098,0.18562093384723857,0.07118099406467349,0.021362133445132984,0.07802475837424781,0.13821130234210913,0.2520849339120975,0.14076292906969073
0.08307855943217361,0.178878272462833,0.10919115616049395,0.01480864379746572,0.08055969604548646,0.15020708768207924,0.22822182411791916,0.1550547603015489
0.06369260870032319,0.18538117739327148,0.08544211085186101,0.04455151830191633,0.0831532108008752,0.1522859720415583,0.22673675397903909,0.15875664793115546
0.05471514943170723,0.18434264320310478,0.10648095781827574,0.054118971622170706,0.08338456972022446,0.1768231110568751,0.21884945283090973,0.12128514431673229
0.10238478015522813,0.2070682402111843,0.0773883847862875,0.04266359125938009,0.08175695460662984,0.1511097086142558,0.21393447733356874,0.1236938630334656
0.07771580874562925,0.18289186183527473,0.06420395627818742,0.01779086681912675,0.12075779635944392,0.208641934494341,0.20105786317613547,0.12693991229186147
0.07076514390135727,0.1856688766203931,0.09300638964528546,0.03833624630643592,0.10411764284199565,0.1789284916635241,0.21504190088324296,0.11413530813776557
0.09428630640979616,0.17943077234666205,0.059376998845496604,0.04254969362075472,0.09904269795244595,0.19072428919965995,0.2061683204805021,0.12842092114468248
0.08427032555958118,0.16559178941330532,0.08034241146962981,0.03903792070729341,0.08206217530724827,0.17949712288799596,0.22870802805131865,0.14049022660362745
0.10573455514442663,0.15501263456468312,0.10441034228156904,0.013068267282504974,0.07925783266629063,0.1986414724521641,0.20863130766838994,0.1352435879399716
0.13182791357558754,0.12430662678022622,0.10151080188430614,0.039588579124143694,0.09638770056967577,0.15878936410430833,0.2039335896384927,0.14365542432325967
0.09113528444538085,0.1696290800756321,0.08251081061842015,0.02276585905619867,0.06038911953754533,0.17307069806664835,0.23962494487365366,0.16087420332652091
0.073837893085821,0.2132436659949417,0.04390159431924462,0.010788077960674963,0.07528751374502973,0.16477290672594458,0.22374018836678655,0.19442815980155692
0.07842300154650848,0.21002055224368038,0.048991921852840306,0.011879072405233723,0.09110850297720793,0.14491523659295089,0.21441355646858357,0.20024815591299466
0.09802114855836133,0.19836117629741873,0.06178850172885471,0.0033053236737521736,0.05438301353862697,0.15602370434700785,0.23567710259595914,0.19244002926001916
0.13949985905032397,0.19957743432029162,0.059754828240039484,0.005785099733646919,0.07708065409343387,0.10820864256013538,0.21860167972714012,0.1914918022749887
0.09604120784429157,0.21460480764271916,0.037295136798921574,0.0007657059248124881,0.093448777148765,0.11791465027235258,0.22284044641337702,0.2170892679547606
0.08862327819383198,0.1936174266693259,0.0707536099493706,0.0013875612470116722,0.08855654425043896,0.13095918815361463,0.2284217246613756,0.1976806668750307
0.13010064202559046,0.18979345019914395,0.05902962601986374,0.0109073827049142,0.04965192373618019,0.1236682889340057,0.21344898666755296,0.22339969971274876
0.11314121524804763,0.16799135802780257,0.10206477246165474,0.004820158053904721,0.043344248810236824,0.13164664055680503,0.2232925477213943,0.2136990591201543
0.07509023012821563,0.15770730888325707,0.09215529120632962,0.008868041444145307,0.08477355382113938,0.15093617197447345,0.21445861773396113,0.21601078480847852
0.11281981235421826,0.1658992279611181,0.09184267098764634,0.011197081504581919,0.07651983204093049,0.13387384987320922,0.2145464345649607,0.19330109071333507
0.06582472185142858,0.19805064383699605,0.10983442099281895,0.0,0.07850016549482314,0.1283138262041288,0.22599520081755115,0.19348102080225343
0.10471560347267059,0.14373886821863235,0.10682710364526904,0.0001718501118672817,0.09010902274256505,0.13049267463705982,0.22448703489381083,0.19945784227812513
0.0745179925158983,0.1647701328058278,0.10533010652299463,0.002189121467931045,0.07118626028569305,0.15923115448242148,0.22176190792595707,0.2010133239932767
0.11005710695125467,0.1375786742484634,0.08334857919576173,0.0024917873742275496,0.07089433635495208,0.15416075340604946,0.22764960632583173,0.21381915614345942
0.11071328896531818,0.1635629350014885,0.0948418258336067,0.004111643469545191,0.059551444895264566,0.11377941018774274,0.23496923750341292,0.21847021414362133
0.1250883848101818,0.13521560373229463,0.10030015612818906,0.004495993925180391,0.056419315747433946,0.16050771547948606,0.21589804800187834,0.2020747821753558
0.13647344468930409,0.12636300859648203,0.11765198977751229,0.0026686425267267644,0.011508660673734277,0.14185790521967725,0.25439857521085774,0.20907777330570565
0.11314056850096493,0.1489518871031495,0.11564880074453117,0.0021350144699444776,0.0020896968621619,0.1492708584212376,0.22639522181882843,0.2423679520791821
0.11909853905818663,0.11897798419713695,0.12475877566810364,0.0,0.018558024572463555,0.17530967566851646,0.2267009744819645,0.21659602635362826
0.14832036058088954,0.14314718029883233,0.0899470878423376,0.002612656128222386,0.013204954359599032,0.17561679473227598,0.20494242441983218,0.22220854163801096
0.12961782873726285,0.14496412538411646,0.09907391058832597,0.0006032417532980161,0.002194904132989605,0.17183668435289395,0.20267736532337421,0.24903193972773896
0.11638375030812126,0.12458495829323074,0.1144786813023425,0.0012820668513479144,0.009319504844806398,0.17455586711176152,0.20553581572095891,0.2538593555674308
0.15154811699290968,0.13599551498004475,0.0908062695149227,0.001502346465542131,0.006904551775143392,0.16911421714982808,0.20768548725549202,0.23644349586611724
0.13928513527060216,0.11138367953700698,0.10693866408844023,7.852563177743009e-05,0.013480656402345425,0.17151647053961333,0.2307108679456619,0.2266060005845526
0.1527495212715122,0.08550055609651178,0.09128487719022221,0.003861341309084207,0.02766284389685849,0.1538948631486064,0.25806856577539716,0.22697743131180756
0.14313263553862654,0.07927564675269326,0.07462119315692825,0.003613575525451473,0.045283991190308265,0.1708553190344828,0.26412503363323575,0.21909260516827367
0.13714226437692217,0.10249052601646383,0.1106316797814971,0.00350191484598786,0.03789671868077657,0.16632463144952742,0.21997425995541775,0.22203800489340736
0.10509494696818561,0.11868086209721845,0.07118131420723028,0.002774076947272881,0.06569989663268753,0.15783176727997655,0.24871808432460163,0.23001905154282704
0.12777843468322364,0.10232403032531844,0.08954098489832409,0.0007938192124037666,0.03565394663373453,0.1541590783674275,0.28534222155391203,0.20440748432565595
0.12476496702284484,0.10270964020290337,0.09495542307087076,0.00375965141734655,0.055759852847133515,0.16079577539751733,0.2582262156595865,0.19902847438179722
0.15956981719986701,0.10134205126129062,0.07369171480869416,0.007679973274438189,0.06586381563542544,0.14907663603989751,0.26128323860697356,0.18149275317341357
0.13103205426367268,0.11494609484787333,0.0733698646382911,0.006329646761235457,0.060961992036168644,0.13507864269189374,0.2735192216517871,0.2047624831090779
0.12055055975072204,0.1189475786600947,0.059230162549184714,0.0,0.10038454769938307,0.12776384294516877,0.2939322168406064,0.1791910915548404
0.0976764706171597,0.09630631020155353,0.08827438946181988,0.002610923288032512,0.07657238577261749,0.1703226719224695,0.28903034105615866,0.17920650768018875
0.11062858660016364,0.12806728455001193,0.1029590161584236,0.0020081341659809017,0.05007863963760065,0.1682273768866911,0.27437051205172264,0.1636604499494056
0.10080910087585243,0.10801594233190426,0.10806171539498793,0.0036049051095707364,0.059853879952655176,0.16145712676848295,0.2987907155417737,0.1594066140247728
0.11995914990025772,0.07203754217395024,0.13380396365918054,0.0003496873018266771,0.07975622106808772,0.16116616085880459,0.2684510421790056,0.1644762328588869
0.09716572856190031,0.12353391358577281,0.07363313004803881,0.00152233659971582,0.09039822454689053,0.13495407709924212,0.29730933127784365,0.18148325828059603
0.15774982630370052,0.09846505881134085,0.07799460824522836,0.002620667892907994,0.08685007192302258,0.11396893289722068,0.28472515984892016,0.1776256740776589
0.11514550262032922,0.10367594543791914,0.08206739240241501,0.0017490378317368102,0.0868728503038082,0.1385199626089989,0.28802529603562554,0.18394401275916716
